0
0
0
0
0
0
0
0
0
0
19923046
201326602
16777321
704643072
19923046
201326602
16777321
20971622
16777321
704643072
201326592
16777216
204473344
238026772
87031809
205520897
338755583
687865866
338722815
687865866
338698239
687865866
338694143
687865866
305690511
687865866
338729871
340035745
288620544
687865866
322174976
687865866
338690085
305135871
687865866
372244607
687865866
372244497
373293932
355729408
687865866
355729408
687865866
355729408
687865866
288620544
687865866
687865876
